675,100  nnm,nem 
      1,         100.,           5.,           1.
      2,         100.,           4.,           1.
      3,         100.,           3.,           1.
      4,         100.,           2.,           1.
      5,         100.,           1.,           1.
      6,         100.,           0.,           1.
      7,         100.,           5.,          0.5
      8,         100.,           4.,          0.5
      9,         100.,           3.,          0.5
     10,         100.,           2.,          0.5
     11,         100.,           1.,          0.5
     12,         100.,           0.,          0.5
     13,         100.,           5.,           0.
     14,         100.,           4.,           0.
     15,         100.,           3.,           0.
     16,         100.,           2.,           0.
     17,         100.,           1.,           0.
     18,         100.,           0.,           0.
     19,          90.,           5.,           1.
     20,          90.,           4.,           1.
     21,          90.,           3.,           1.
     22,          90.,           2.,           1.
     23,          90.,           1.,           1.
     24,          90.,           0.,           1.
     25,          90.,           5.,          0.5
     26,          90.,           4.,          0.5
     27,          90.,           3.,          0.5
     28,          90.,           2.,          0.5
     29,          90.,           1.,          0.5
     30,          90.,           0.,          0.5
     31,          90.,           5.,           0.
     32,          90.,           4.,           0.
     33,          90.,           3.,           0.
     34,          90.,           2.,           0.
     35,          90.,           1.,           0.
     36,          90.,           0.,           0.
     37,          80.,           5.,           1.
     38,          80.,           4.,           1.
     39,          80.,           3.,           1.
     40,          80.,           2.,           1.
     41,          80.,           1.,           1.
     42,          80.,           0.,           1.
     43,          80.,           5.,          0.5
     44,          80.,           4.,          0.5
     45,          80.,           3.,          0.5
     46,          80.,           2.,          0.5
     47,          80.,           1.,          0.5
     48,          80.,           0.,          0.5
     49,          80.,           5.,           0.
     50,          80.,           4.,           0.
     51,          80.,           3.,           0.
     52,          80.,           2.,           0.
     53,          80.,           1.,           0.
     54,          80.,           0.,           0.
     55,          70.,           5.,           1.
     56,          70.,           4.,           1.
     57,          70.,           3.,           1.
     58,          70.,           2.,           1.
     59,          70.,           1.,           1.
     60,          70.,           0.,           1.
     61,          70.,           5.,          0.5
     62,          70.,           4.,          0.5
     63,          70.,           3.,          0.5
     64,          70.,           2.,          0.5
     65,          70.,           1.,          0.5
     66,          70.,           0.,          0.5
     67,          70.,           5.,           0.
     68,          70.,           4.,           0.
     69,          70.,           3.,           0.
     70,          70.,           2.,           0.
     71,          70.,           1.,           0.
     72,          70.,           0.,           0.
     73,          60.,           5.,           1.
     74,          60.,           4.,           1.
     75,          60.,           3.,           1.
     76,          60.,           2.,           1.
     77,          60.,           1.,           1.
     78,          60.,           0.,           1.
     79,          60.,           5.,          0.5
     80,          60.,           4.,          0.5
     81,          60.,           3.,          0.5
     82,          60.,           2.,          0.5
     83,          60.,           1.,          0.5
     84,          60.,           0.,          0.5
     85,          60.,           5.,           0.
     86,          60.,           4.,           0.
     87,          60.,           3.,           0.
     88,          60.,           2.,           0.
     89,          60.,           1.,           0.
     90,          60.,           0.,           0.
     91,          50.,           5.,           1.
     92,          50.,           4.,           1.
     93,          50.,           3.,           1.
     94,          50.,           2.,           1.
     95,          50.,           1.,           1.
     96,          50.,           0.,           1.
     97,          50.,           5.,          0.5
     98,          50.,           4.,          0.5
     99,          50.,           3.,          0.5
    100,          50.,           2.,          0.5
    101,          50.,           1.,          0.5
    102,          50.,           0.,          0.5
    103,          50.,           5.,           0.
    104,          50.,           4.,           0.
    105,          50.,           3.,           0.
    106,          50.,           2.,           0.
    107,          50.,           1.,           0.
    108,          50.,           0.,           0.
    109,          40.,           5.,           1.
    110,          40.,           4.,           1.
    111,          40.,           3.,           1.
    112,          40.,           2.,           1.
    113,          40.,           1.,           1.
    114,          40.,           0.,           1.
    115,          40.,           5.,          0.5
    116,          40.,           4.,          0.5
    117,          40.,           3.,          0.5
    118,          40.,           2.,          0.5
    119,          40.,           1.,          0.5
    120,          40.,           0.,          0.5
    121,          40.,           5.,           0.
    122,          40.,           4.,           0.
    123,          40.,           3.,           0.
    124,          40.,           2.,           0.
    125,          40.,           1.,           0.
    126,          40.,           0.,           0.
    127,          30.,           5.,           1.
    128,          30.,           4.,           1.
    129,          30.,           3.,           1.
    130,          30.,           2.,           1.
    131,          30.,           1.,           1.
    132,          30.,           0.,           1.
    133,          30.,           5.,          0.5
    134,          30.,           4.,          0.5
    135,          30.,           3.,          0.5
    136,          30.,           2.,          0.5
    137,          30.,           1.,          0.5
    138,          30.,           0.,          0.5
    139,          30.,           5.,           0.
    140,          30.,           4.,           0.
    141,          30.,           3.,           0.
    142,          30.,           2.,           0.
    143,          30.,           1.,           0.
    144,          30.,           0.,           0.
    145,          20.,           5.,           1.
    146,          20.,           4.,           1.
    147,          20.,           3.,           1.
    148,          20.,           2.,           1.
    149,          20.,           1.,           1.
    150,          20.,           0.,           1.
    151,          20.,           5.,          0.5
    152,          20.,           4.,          0.5
    153,          20.,           3.,          0.5
    154,          20.,           2.,          0.5
    155,          20.,           1.,          0.5
    156,          20.,           0.,          0.5
    157,          20.,           5.,           0.
    158,          20.,           4.,           0.
    159,          20.,           3.,           0.
    160,          20.,           2.,           0.
    161,          20.,           1.,           0.
    162,          20.,           0.,           0.
    163,          10.,           5.,           1.
    164,          10.,           4.,           1.
    165,          10.,           3.,           1.
    166,          10.,           2.,           1.
    167,          10.,           1.,           1.
    168,          10.,           0.,           1.
    169,          10.,           5.,          0.5
    170,          10.,           4.,          0.5
    171,          10.,           3.,          0.5
    172,          10.,           2.,          0.5
    173,          10.,           1.,          0.5
    174,          10.,           0.,          0.5
    175,          10.,           5.,           0.
    176,          10.,           4.,           0.
    177,          10.,           3.,           0.
    178,          10.,           2.,           0.
    179,          10.,           1.,           0.
    180,          10.,           0.,           0.
    181,           0.,           5.,           1.
    182,           0.,           4.,           1.
    183,           0.,           3.,           1.
    184,           0.,           2.,           1.
    185,           0.,           1.,           1.
    186,           0.,           0.,           1.
    187,           0.,           5.,          0.5
    188,           0.,           4.,          0.5
    189,           0.,           3.,          0.5
    190,           0.,           2.,          0.5
    191,           0.,           1.,          0.5
    192,           0.,           0.,          0.5
    193,           0.,           5.,           0.
    194,           0.,           4.,           0.
    195,           0.,           3.,           0.
    196,           0.,           2.,           0.
    197,           0.,           1.,           0.
    198,           0.,           0.,           0.
    199,          90.,           5.,         0.75
    200,          90.,          4.5,          0.5
    201,          90.,           4.,         0.75
    202,          90.,          4.5,           1.
    203,         100.,          4.5,           1.
    204,         100.,           4.,         0.75
    205,         100.,          4.5,          0.5
    206,         100.,           5.,         0.75
    207,          95.,           4.,           1.
    208,          95.,           5.,           1.
    209,          95.,           4.,          0.5
    210,          95.,           5.,          0.5
    211,          90.,          3.5,          0.5
    212,          90.,           3.,         0.75
    213,          90.,          3.5,           1.
    214,         100.,          3.5,           1.
    215,         100.,           3.,         0.75
    216,         100.,          3.5,          0.5
    217,          95.,           3.,           1.
    218,          95.,           3.,          0.5
    219,          90.,          2.5,          0.5
    220,          90.,           2.,         0.75
    221,          90.,          2.5,           1.
    222,         100.,          2.5,           1.
    223,         100.,           2.,         0.75
    224,         100.,          2.5,          0.5
    225,          95.,           2.,           1.
    226,          95.,           2.,          0.5
    227,          90.,          1.5,          0.5
    228,          90.,           1.,         0.75
    229,          90.,          1.5,           1.
    230,         100.,          1.5,           1.
    231,         100.,           1.,         0.75
    232,         100.,          1.5,          0.5
    233,          95.,           1.,           1.
    234,          95.,           1.,          0.5
    235,          90.,          0.5,          0.5
    236,          90.,           0.,         0.75
    237,          90.,          0.5,           1.
    238,         100.,          0.5,           1.
    239,         100.,           0.,         0.75
    240,         100.,          0.5,          0.5
    241,          95.,           0.,           1.
    242,          95.,           0.,          0.5
    243,          90.,           5.,         0.25
    244,          90.,          4.5,           0.
    245,          90.,           4.,         0.25
    246,         100.,           4.,         0.25
    247,         100.,          4.5,           0.
    248,         100.,           5.,         0.25
    249,          95.,           4.,           0.
    250,          95.,           5.,           0.
    251,          90.,          3.5,           0.
    252,          90.,           3.,         0.25
    253,         100.,           3.,         0.25
    254,         100.,          3.5,           0.
    255,          95.,           3.,           0.
    256,          90.,          2.5,           0.
    257,          90.,           2.,         0.25
    258,         100.,           2.,         0.25
    259,         100.,          2.5,           0.
    260,          95.,           2.,           0.
    261,          90.,          1.5,           0.
    262,          90.,           1.,         0.25
    263,         100.,           1.,         0.25
    264,         100.,          1.5,           0.
    265,          95.,           1.,           0.
    266,          90.,          0.5,           0.
    267,          90.,           0.,         0.25
    268,         100.,           0.,         0.25
    269,         100.,          0.5,           0.
    270,          95.,           0.,           0.
    271,          80.,           5.,         0.75
    272,          80.,          4.5,          0.5
    273,          80.,           4.,         0.75
    274,          80.,          4.5,           1.
    275,          85.,           4.,           1.
    276,          85.,           5.,           1.
    277,          85.,           4.,          0.5
    278,          85.,           5.,          0.5
    279,          80.,          3.5,          0.5
    280,          80.,           3.,         0.75
    281,          80.,          3.5,           1.
    282,          85.,           3.,           1.
    283,          85.,           3.,          0.5
    284,          80.,          2.5,          0.5
    285,          80.,           2.,         0.75
    286,          80.,          2.5,           1.
    287,          85.,           2.,           1.
    288,          85.,           2.,          0.5
    289,          80.,          1.5,          0.5
    290,          80.,           1.,         0.75
    291,          80.,          1.5,           1.
    292,          85.,           1.,           1.
    293,          85.,           1.,          0.5
    294,          80.,          0.5,          0.5
    295,          80.,           0.,         0.75
    296,          80.,          0.5,           1.
    297,          85.,           0.,           1.
    298,          85.,           0.,          0.5
    299,          80.,           5.,         0.25
    300,          80.,          4.5,           0.
    301,          80.,           4.,         0.25
    302,          85.,           4.,           0.
    303,          85.,           5.,           0.
    304,          80.,          3.5,           0.
    305,          80.,           3.,         0.25
    306,          85.,           3.,           0.
    307,          80.,          2.5,           0.
    308,          80.,           2.,         0.25
    309,          85.,           2.,           0.
    310,          80.,          1.5,           0.
    311,          80.,           1.,         0.25
    312,          85.,           1.,           0.
    313,          80.,          0.5,           0.
    314,          80.,           0.,         0.25
    315,          85.,           0.,           0.
    316,          70.,           5.,         0.75
    317,          70.,          4.5,          0.5
    318,          70.,           4.,         0.75
    319,          70.,          4.5,           1.
    320,          75.,           4.,           1.
    321,          75.,           5.,           1.
    322,          75.,           4.,          0.5
    323,          75.,           5.,          0.5
    324,          70.,          3.5,          0.5
    325,          70.,           3.,         0.75
    326,          70.,          3.5,           1.
    327,          75.,           3.,           1.
    328,          75.,           3.,          0.5
    329,          70.,          2.5,          0.5
    330,          70.,           2.,         0.75
    331,          70.,          2.5,           1.
    332,          75.,           2.,           1.
    333,          75.,           2.,          0.5
    334,          70.,          1.5,          0.5
    335,          70.,           1.,         0.75
    336,          70.,          1.5,           1.
    337,          75.,           1.,           1.
    338,          75.,           1.,          0.5
    339,          70.,          0.5,          0.5
    340,          70.,           0.,         0.75
    341,          70.,          0.5,           1.
    342,          75.,           0.,           1.
    343,          75.,           0.,          0.5
    344,          70.,           5.,         0.25
    345,          70.,          4.5,           0.
    346,          70.,           4.,         0.25
    347,          75.,           4.,           0.
    348,          75.,           5.,           0.
    349,          70.,          3.5,           0.
    350,          70.,           3.,         0.25
    351,          75.,           3.,           0.
    352,          70.,          2.5,           0.
    353,          70.,           2.,         0.25
    354,          75.,           2.,           0.
    355,          70.,          1.5,           0.
    356,          70.,           1.,         0.25
    357,          75.,           1.,           0.
    358,          70.,          0.5,           0.
    359,          70.,           0.,         0.25
    360,          75.,           0.,           0.
    361,          60.,           5.,         0.75
    362,          60.,          4.5,          0.5
    363,          60.,           4.,         0.75
    364,          60.,          4.5,           1.
    365,          65.,           4.,           1.
    366,          65.,           5.,           1.
    367,          65.,           4.,          0.5
    368,          65.,           5.,          0.5
    369,          60.,          3.5,          0.5
    370,          60.,           3.,         0.75
    371,          60.,          3.5,           1.
    372,          65.,           3.,           1.
    373,          65.,           3.,          0.5
    374,          60.,          2.5,          0.5
    375,          60.,           2.,         0.75
    376,          60.,          2.5,           1.
    377,          65.,           2.,           1.
    378,          65.,           2.,          0.5
    379,          60.,          1.5,          0.5
    380,          60.,           1.,         0.75
    381,          60.,          1.5,           1.
    382,          65.,           1.,           1.
    383,          65.,           1.,          0.5
    384,          60.,          0.5,          0.5
    385,          60.,           0.,         0.75
    386,          60.,          0.5,           1.
    387,          65.,           0.,           1.
    388,          65.,           0.,          0.5
    389,          60.,           5.,         0.25
    390,          60.,          4.5,           0.
    391,          60.,           4.,         0.25
    392,          65.,           4.,           0.
    393,          65.,           5.,           0.
    394,          60.,          3.5,           0.
    395,          60.,           3.,         0.25
    396,          65.,           3.,           0.
    397,          60.,          2.5,           0.
    398,          60.,           2.,         0.25
    399,          65.,           2.,           0.
    400,          60.,          1.5,           0.
    401,          60.,           1.,         0.25
    402,          65.,           1.,           0.
    403,          60.,          0.5,           0.
    404,          60.,           0.,         0.25
    405,          65.,           0.,           0.
    406,          50.,           5.,         0.75
    407,          50.,          4.5,          0.5
    408,          50.,           4.,         0.75
    409,          50.,          4.5,           1.
    410,          55.,           4.,           1.
    411,          55.,           5.,           1.
    412,          55.,           4.,          0.5
    413,          55.,           5.,          0.5
    414,          50.,          3.5,          0.5
    415,          50.,           3.,         0.75
    416,          50.,          3.5,           1.
    417,          55.,           3.,           1.
    418,          55.,           3.,          0.5
    419,          50.,          2.5,          0.5
    420,          50.,           2.,         0.75
    421,          50.,          2.5,           1.
    422,          55.,           2.,           1.
    423,          55.,           2.,          0.5
    424,          50.,          1.5,          0.5
    425,          50.,           1.,         0.75
    426,          50.,          1.5,           1.
    427,          55.,           1.,           1.
    428,          55.,           1.,          0.5
    429,          50.,          0.5,          0.5
    430,          50.,           0.,         0.75
    431,          50.,          0.5,           1.
    432,          55.,           0.,           1.
    433,          55.,           0.,          0.5
    434,          50.,           5.,         0.25
    435,          50.,          4.5,           0.
    436,          50.,           4.,         0.25
    437,          55.,           4.,           0.
    438,          55.,           5.,           0.
    439,          50.,          3.5,           0.
    440,          50.,           3.,         0.25
    441,          55.,           3.,           0.
    442,          50.,          2.5,           0.
    443,          50.,           2.,         0.25
    444,          55.,           2.,           0.
    445,          50.,          1.5,           0.
    446,          50.,           1.,         0.25
    447,          55.,           1.,           0.
    448,          50.,          0.5,           0.
    449,          50.,           0.,         0.25
    450,          55.,           0.,           0.
    451,          40.,           5.,         0.75
    452,          40.,          4.5,          0.5
    453,          40.,           4.,         0.75
    454,          40.,          4.5,           1.
    455,          45.,           4.,           1.
    456,          45.,           5.,           1.
    457,          45.,           4.,          0.5
    458,          45.,           5.,          0.5
    459,          40.,          3.5,          0.5
    460,          40.,           3.,         0.75
    461,          40.,          3.5,           1.
    462,          45.,           3.,           1.
    463,          45.,           3.,          0.5
    464,          40.,          2.5,          0.5
    465,          40.,           2.,         0.75
    466,          40.,          2.5,           1.
    467,          45.,           2.,           1.
    468,          45.,           2.,          0.5
    469,          40.,          1.5,          0.5
    470,          40.,           1.,         0.75
    471,          40.,          1.5,           1.
    472,          45.,           1.,           1.
    473,          45.,           1.,          0.5
    474,          40.,          0.5,          0.5
    475,          40.,           0.,         0.75
    476,          40.,          0.5,           1.
    477,          45.,           0.,           1.
    478,          45.,           0.,          0.5
    479,          40.,           5.,         0.25
    480,          40.,          4.5,           0.
    481,          40.,           4.,         0.25
    482,          45.,           4.,           0.
    483,          45.,           5.,           0.
    484,          40.,          3.5,           0.
    485,          40.,           3.,         0.25
    486,          45.,           3.,           0.
    487,          40.,          2.5,           0.
    488,          40.,           2.,         0.25
    489,          45.,           2.,           0.
    490,          40.,          1.5,           0.
    491,          40.,           1.,         0.25
    492,          45.,           1.,           0.
    493,          40.,          0.5,           0.
    494,          40.,           0.,         0.25
    495,          45.,           0.,           0.
    496,          30.,           5.,         0.75
    497,          30.,          4.5,          0.5
    498,          30.,           4.,         0.75
    499,          30.,          4.5,           1.
    500,          35.,           4.,           1.
    501,          35.,           5.,           1.
    502,          35.,           4.,          0.5
    503,          35.,           5.,          0.5
    504,          30.,          3.5,          0.5
    505,          30.,           3.,         0.75
    506,          30.,          3.5,           1.
    507,          35.,           3.,           1.
    508,          35.,           3.,          0.5
    509,          30.,          2.5,          0.5
    510,          30.,           2.,         0.75
    511,          30.,          2.5,           1.
    512,          35.,           2.,           1.
    513,          35.,           2.,          0.5
    514,          30.,          1.5,          0.5
    515,          30.,           1.,         0.75
    516,          30.,          1.5,           1.
    517,          35.,           1.,           1.
    518,          35.,           1.,          0.5
    519,          30.,          0.5,          0.5
    520,          30.,           0.,         0.75
    521,          30.,          0.5,           1.
    522,          35.,           0.,           1.
    523,          35.,           0.,          0.5
    524,          30.,           5.,         0.25
    525,          30.,          4.5,           0.
    526,          30.,           4.,         0.25
    527,          35.,           4.,           0.
    528,          35.,           5.,           0.
    529,          30.,          3.5,           0.
    530,          30.,           3.,         0.25
    531,          35.,           3.,           0.
    532,          30.,          2.5,           0.
    533,          30.,           2.,         0.25
    534,          35.,           2.,           0.
    535,          30.,          1.5,           0.
    536,          30.,           1.,         0.25
    537,          35.,           1.,           0.
    538,          30.,          0.5,           0.
    539,          30.,           0.,         0.25
    540,          35.,           0.,           0.
    541,          20.,           5.,         0.75
    542,          20.,          4.5,          0.5
    543,          20.,           4.,         0.75
    544,          20.,          4.5,           1.
    545,          25.,           4.,           1.
    546,          25.,           5.,           1.
    547,          25.,           4.,          0.5
    548,          25.,           5.,          0.5
    549,          20.,          3.5,          0.5
    550,          20.,           3.,         0.75
    551,          20.,          3.5,           1.
    552,          25.,           3.,           1.
    553,          25.,           3.,          0.5
    554,          20.,          2.5,          0.5
    555,          20.,           2.,         0.75
    556,          20.,          2.5,           1.
    557,          25.,           2.,           1.
    558,          25.,           2.,          0.5
    559,          20.,          1.5,          0.5
    560,          20.,           1.,         0.75
    561,          20.,          1.5,           1.
    562,          25.,           1.,           1.
    563,          25.,           1.,          0.5
    564,          20.,          0.5,          0.5
    565,          20.,           0.,         0.75
    566,          20.,          0.5,           1.
    567,          25.,           0.,           1.
    568,          25.,           0.,          0.5
    569,          20.,           5.,         0.25
    570,          20.,          4.5,           0.
    571,          20.,           4.,         0.25
    572,          25.,           4.,           0.
    573,          25.,           5.,           0.
    574,          20.,          3.5,           0.
    575,          20.,           3.,         0.25
    576,          25.,           3.,           0.
    577,          20.,          2.5,           0.
    578,          20.,           2.,         0.25
    579,          25.,           2.,           0.
    580,          20.,          1.5,           0.
    581,          20.,           1.,         0.25
    582,          25.,           1.,           0.
    583,          20.,          0.5,           0.
    584,          20.,           0.,         0.25
    585,          25.,           0.,           0.
    586,          10.,           5.,         0.75
    587,          10.,          4.5,          0.5
    588,          10.,           4.,         0.75
    589,          10.,          4.5,           1.
    590,          15.,           4.,           1.
    591,          15.,           5.,           1.
    592,          15.,           4.,          0.5
    593,          15.,           5.,          0.5
    594,          10.,          3.5,          0.5
    595,          10.,           3.,         0.75
    596,          10.,          3.5,           1.
    597,          15.,           3.,           1.
    598,          15.,           3.,          0.5
    599,          10.,          2.5,          0.5
    600,          10.,           2.,         0.75
    601,          10.,          2.5,           1.
    602,          15.,           2.,           1.
    603,          15.,           2.,          0.5
    604,          10.,          1.5,          0.5
    605,          10.,           1.,         0.75
    606,          10.,          1.5,           1.
    607,          15.,           1.,           1.
    608,          15.,           1.,          0.5
    609,          10.,          0.5,          0.5
    610,          10.,           0.,         0.75
    611,          10.,          0.5,           1.
    612,          15.,           0.,           1.
    613,          15.,           0.,          0.5
    614,          10.,           5.,         0.25
    615,          10.,          4.5,           0.
    616,          10.,           4.,         0.25
    617,          15.,           4.,           0.
    618,          15.,           5.,           0.
    619,          10.,          3.5,           0.
    620,          10.,           3.,         0.25
    621,          15.,           3.,           0.
    622,          10.,          2.5,           0.
    623,          10.,           2.,         0.25
    624,          15.,           2.,           0.
    625,          10.,          1.5,           0.
    626,          10.,           1.,         0.25
    627,          15.,           1.,           0.
    628,          10.,          0.5,           0.
    629,          10.,           0.,         0.25
    630,          15.,           0.,           0.
    631,           0.,           5.,         0.75
    632,           0.,          4.5,          0.5
    633,           0.,           4.,         0.75
    634,           0.,          4.5,           1.
    635,           5.,           4.,           1.
    636,           5.,           5.,           1.
    637,           5.,           4.,          0.5
    638,           5.,           5.,          0.5
    639,           0.,          3.5,          0.5
    640,           0.,           3.,         0.75
    641,           0.,          3.5,           1.
    642,           5.,           3.,           1.
    643,           5.,           3.,          0.5
    644,           0.,          2.5,          0.5
    645,           0.,           2.,         0.75
    646,           0.,          2.5,           1.
    647,           5.,           2.,           1.
    648,           5.,           2.,          0.5
    649,           0.,          1.5,          0.5
    650,           0.,           1.,         0.75
    651,           0.,          1.5,           1.
    652,           5.,           1.,           1.
    653,           5.,           1.,          0.5
    654,           0.,          0.5,          0.5
    655,           0.,           0.,         0.75
    656,           0.,          0.5,           1.
    657,           5.,           0.,           1.
    658,           5.,           0.,          0.5
    659,           0.,           5.,         0.25
    660,           0.,          4.5,           0.
    661,           0.,           4.,         0.25
    662,           5.,           4.,           0.
    663,           5.,           5.,           0.
    664,           0.,          3.5,           0.
    665,           0.,           3.,         0.25
    666,           5.,           3.,           0.
    667,           0.,          2.5,           0.
    668,           0.,           2.,         0.25
    669,           5.,           2.,           0.
    670,           0.,          1.5,           0.
    671,           0.,           1.,         0.25
    672,           5.,           1.,           0.
    673,           0.,          0.5,           0.
    674,           0.,           0.,         0.25
    675,           5.,           0.,           0.
*Element, type=C3D20R
  1,  19,  20,  26,  25,   1,   2,   8,   7, 202, 201, 200, 199, 203, 204, 205,
     206, 208, 207, 209, 210
  2,  20,  21,  27,  26,   2,   3,   9,   8, 213, 212, 211, 201, 214, 215, 216,
     204, 207, 217, 218, 209
  3,  21,  22,  28,  27,   3,   4,  10,   9, 221, 220, 219, 212, 222, 223, 224,
     215, 217, 225, 226, 218
  4,  22,  23,  29,  28,   4,   5,  11,  10, 229, 228, 227, 220, 230, 231, 232,
     223, 225, 233, 234, 226
  5,  23,  24,  30,  29,   5,   6,  12,  11, 237, 236, 235, 228, 238, 239, 240,
     231, 233, 241, 242, 234
  6,  25,  26,  32,  31,   7,   8,  14,  13, 200, 245, 244, 243, 205, 246, 247,
     248, 210, 209, 249, 250
  7,  26,  27,  33,  32,   8,   9,  15,  14, 211, 252, 251, 245, 216, 253, 254,
     246, 209, 218, 255, 249
  8,  27,  28,  34,  33,   9,  10,  16,  15, 219, 257, 256, 252, 224, 258, 259,
     253, 218, 226, 260, 255
  9,  28,  29,  35,  34,  10,  11,  17,  16, 227, 262, 261, 257, 232, 263, 264,
     258, 226, 234, 265, 260
 10,  29,  30,  36,  35,  11,  12,  18,  17, 235, 267, 266, 262, 240, 268, 269,
     263, 234, 242, 270, 265
 11,  37,  38,  44,  43,  19,  20,  26,  25, 274, 273, 272, 271, 202, 201, 200,
     199, 276, 275, 277, 278
 12,  38,  39,  45,  44,  20,  21,  27,  26, 281, 280, 279, 273, 213, 212, 211,
     201, 275, 282, 283, 277
 13,  39,  40,  46,  45,  21,  22,  28,  27, 286, 285, 284, 280, 221, 220, 219,
     212, 282, 287, 288, 283
 14,  40,  41,  47,  46,  22,  23,  29,  28, 291, 290, 289, 285, 229, 228, 227,
     220, 287, 292, 293, 288
 15,  41,  42,  48,  47,  23,  24,  30,  29, 296, 295, 294, 290, 237, 236, 235,
     228, 292, 297, 298, 293
 16,  43,  44,  50,  49,  25,  26,  32,  31, 272, 301, 300, 299, 200, 245, 244,
     243, 278, 277, 302, 303
 17,  44,  45,  51,  50,  26,  27,  33,  32, 279, 305, 304, 301, 211, 252, 251,
     245, 277, 283, 306, 302
 18,  45,  46,  52,  51,  27,  28,  34,  33, 284, 308, 307, 305, 219, 257, 256,
     252, 283, 288, 309, 306
 19,  46,  47,  53,  52,  28,  29,  35,  34, 289, 311, 310, 308, 227, 262, 261,
     257, 288, 293, 312, 309
 20,  47,  48,  54,  53,  29,  30,  36,  35, 294, 314, 313, 311, 235, 267, 266,
     262, 293, 298, 315, 312
 21,  55,  56,  62,  61,  37,  38,  44,  43, 319, 318, 317, 316, 274, 273, 272,
     271, 321, 320, 322, 323
 22,  56,  57,  63,  62,  38,  39,  45,  44, 326, 325, 324, 318, 281, 280, 279,
     273, 320, 327, 328, 322
 23,  57,  58,  64,  63,  39,  40,  46,  45, 331, 330, 329, 325, 286, 285, 284,
     280, 327, 332, 333, 328
 24,  58,  59,  65,  64,  40,  41,  47,  46, 336, 335, 334, 330, 291, 290, 289,
     285, 332, 337, 338, 333
 25,  59,  60,  66,  65,  41,  42,  48,  47, 341, 340, 339, 335, 296, 295, 294,
     290, 337, 342, 343, 338
 26,  61,  62,  68,  67,  43,  44,  50,  49, 317, 346, 345, 344, 272, 301, 300,
     299, 323, 322, 347, 348
 27,  62,  63,  69,  68,  44,  45,  51,  50, 324, 350, 349, 346, 279, 305, 304,
     301, 322, 328, 351, 347
 28,  63,  64,  70,  69,  45,  46,  52,  51, 329, 353, 352, 350, 284, 308, 307,
     305, 328, 333, 354, 351
 29,  64,  65,  71,  70,  46,  47,  53,  52, 334, 356, 355, 353, 289, 311, 310,
     308, 333, 338, 357, 354
 30,  65,  66,  72,  71,  47,  48,  54,  53, 339, 359, 358, 356, 294, 314, 313,
     311, 338, 343, 360, 357
 31,  73,  74,  80,  79,  55,  56,  62,  61, 364, 363, 362, 361, 319, 318, 317,
     316, 366, 365, 367, 368
 32,  74,  75,  81,  80,  56,  57,  63,  62, 371, 370, 369, 363, 326, 325, 324,
     318, 365, 372, 373, 367
 33,  75,  76,  82,  81,  57,  58,  64,  63, 376, 375, 374, 370, 331, 330, 329,
     325, 372, 377, 378, 373
 34,  76,  77,  83,  82,  58,  59,  65,  64, 381, 380, 379, 375, 336, 335, 334,
     330, 377, 382, 383, 378
 35,  77,  78,  84,  83,  59,  60,  66,  65, 386, 385, 384, 380, 341, 340, 339,
     335, 382, 387, 388, 383
 36,  79,  80,  86,  85,  61,  62,  68,  67, 362, 391, 390, 389, 317, 346, 345,
     344, 368, 367, 392, 393
 37,  80,  81,  87,  86,  62,  63,  69,  68, 369, 395, 394, 391, 324, 350, 349,
     346, 367, 373, 396, 392
 38,  81,  82,  88,  87,  63,  64,  70,  69, 374, 398, 397, 395, 329, 353, 352,
     350, 373, 378, 399, 396
 39,  82,  83,  89,  88,  64,  65,  71,  70, 379, 401, 400, 398, 334, 356, 355,
     353, 378, 383, 402, 399
 40,  83,  84,  90,  89,  65,  66,  72,  71, 384, 404, 403, 401, 339, 359, 358,
     356, 383, 388, 405, 402
 41,  91,  92,  98,  97,  73,  74,  80,  79, 409, 408, 407, 406, 364, 363, 362,
     361, 411, 410, 412, 413
 42,  92,  93,  99,  98,  74,  75,  81,  80, 416, 415, 414, 408, 371, 370, 369,
     363, 410, 417, 418, 412
 43,  93,  94, 100,  99,  75,  76,  82,  81, 421, 420, 419, 415, 376, 375, 374,
     370, 417, 422, 423, 418
 44,  94,  95, 101, 100,  76,  77,  83,  82, 426, 425, 424, 420, 381, 380, 379,
     375, 422, 427, 428, 423
 45,  95,  96, 102, 101,  77,  78,  84,  83, 431, 430, 429, 425, 386, 385, 384,
     380, 427, 432, 433, 428
 46,  97,  98, 104, 103,  79,  80,  86,  85, 407, 436, 435, 434, 362, 391, 390,
     389, 413, 412, 437, 438
 47,  98,  99, 105, 104,  80,  81,  87,  86, 414, 440, 439, 436, 369, 395, 394,
     391, 412, 418, 441, 437
 48,  99, 100, 106, 105,  81,  82,  88,  87, 419, 443, 442, 440, 374, 398, 397,
     395, 418, 423, 444, 441
 49, 100, 101, 107, 106,  82,  83,  89,  88, 424, 446, 445, 443, 379, 401, 400,
     398, 423, 428, 447, 444
 50, 101, 102, 108, 107,  83,  84,  90,  89, 429, 449, 448, 446, 384, 404, 403,
     401, 428, 433, 450, 447
 51, 109, 110, 116, 115,  91,  92,  98,  97, 454, 453, 452, 451, 409, 408, 407,
     406, 456, 455, 457, 458
 52, 110, 111, 117, 116,  92,  93,  99,  98, 461, 460, 459, 453, 416, 415, 414,
     408, 455, 462, 463, 457
 53, 111, 112, 118, 117,  93,  94, 100,  99, 466, 465, 464, 460, 421, 420, 419,
     415, 462, 467, 468, 463
 54, 112, 113, 119, 118,  94,  95, 101, 100, 471, 470, 469, 465, 426, 425, 424,
     420, 467, 472, 473, 468
 55, 113, 114, 120, 119,  95,  96, 102, 101, 476, 475, 474, 470, 431, 430, 429,
     425, 472, 477, 478, 473
 56, 115, 116, 122, 121,  97,  98, 104, 103, 452, 481, 480, 479, 407, 436, 435,
     434, 458, 457, 482, 483
 57, 116, 117, 123, 122,  98,  99, 105, 104, 459, 485, 484, 481, 414, 440, 439,
     436, 457, 463, 486, 482
 58, 117, 118, 124, 123,  99, 100, 106, 105, 464, 488, 487, 485, 419, 443, 442,
     440, 463, 468, 489, 486
 59, 118, 119, 125, 124, 100, 101, 107, 106, 469, 491, 490, 488, 424, 446, 445,
     443, 468, 473, 492, 489
 60, 119, 120, 126, 125, 101, 102, 108, 107, 474, 494, 493, 491, 429, 449, 448,
     446, 473, 478, 495, 492
 61, 127, 128, 134, 133, 109, 110, 116, 115, 499, 498, 497, 496, 454, 453, 452,
     451, 501, 500, 502, 503
 62, 128, 129, 135, 134, 110, 111, 117, 116, 506, 505, 504, 498, 461, 460, 459,
     453, 500, 507, 508, 502
 63, 129, 130, 136, 135, 111, 112, 118, 117, 511, 510, 509, 505, 466, 465, 464,
     460, 507, 512, 513, 508
 64, 130, 131, 137, 136, 112, 113, 119, 118, 516, 515, 514, 510, 471, 470, 469,
     465, 512, 517, 518, 513
 65, 131, 132, 138, 137, 113, 114, 120, 119, 521, 520, 519, 515, 476, 475, 474,
     470, 517, 522, 523, 518
 66, 133, 134, 140, 139, 115, 116, 122, 121, 497, 526, 525, 524, 452, 481, 480,
     479, 503, 502, 527, 528
 67, 134, 135, 141, 140, 116, 117, 123, 122, 504, 530, 529, 526, 459, 485, 484,
     481, 502, 508, 531, 527
 68, 135, 136, 142, 141, 117, 118, 124, 123, 509, 533, 532, 530, 464, 488, 487,
     485, 508, 513, 534, 531
 69, 136, 137, 143, 142, 118, 119, 125, 124, 514, 536, 535, 533, 469, 491, 490,
     488, 513, 518, 537, 534
 70, 137, 138, 144, 143, 119, 120, 126, 125, 519, 539, 538, 536, 474, 494, 493,
     491, 518, 523, 540, 537
 71, 145, 146, 152, 151, 127, 128, 134, 133, 544, 543, 542, 541, 499, 498, 497,
     496, 546, 545, 547, 548
 72, 146, 147, 153, 152, 128, 129, 135, 134, 551, 550, 549, 543, 506, 505, 504,
     498, 545, 552, 553, 547
 73, 147, 148, 154, 153, 129, 130, 136, 135, 556, 555, 554, 550, 511, 510, 509,
     505, 552, 557, 558, 553
 74, 148, 149, 155, 154, 130, 131, 137, 136, 561, 560, 559, 555, 516, 515, 514,
     510, 557, 562, 563, 558
 75, 149, 150, 156, 155, 131, 132, 138, 137, 566, 565, 564, 560, 521, 520, 519,
     515, 562, 567, 568, 563
 76, 151, 152, 158, 157, 133, 134, 140, 139, 542, 571, 570, 569, 497, 526, 525,
     524, 548, 547, 572, 573
 77, 152, 153, 159, 158, 134, 135, 141, 140, 549, 575, 574, 571, 504, 530, 529,
     526, 547, 553, 576, 572
 78, 153, 154, 160, 159, 135, 136, 142, 141, 554, 578, 577, 575, 509, 533, 532,
     530, 553, 558, 579, 576
 79, 154, 155, 161, 160, 136, 137, 143, 142, 559, 581, 580, 578, 514, 536, 535,
     533, 558, 563, 582, 579
 80, 155, 156, 162, 161, 137, 138, 144, 143, 564, 584, 583, 581, 519, 539, 538,
     536, 563, 568, 585, 582
 81, 163, 164, 170, 169, 145, 146, 152, 151, 589, 588, 587, 586, 544, 543, 542,
     541, 591, 590, 592, 593
 82, 164, 165, 171, 170, 146, 147, 153, 152, 596, 595, 594, 588, 551, 550, 549,
     543, 590, 597, 598, 592
 83, 165, 166, 172, 171, 147, 148, 154, 153, 601, 600, 599, 595, 556, 555, 554,
     550, 597, 602, 603, 598
 84, 166, 167, 173, 172, 148, 149, 155, 154, 606, 605, 604, 600, 561, 560, 559,
     555, 602, 607, 608, 603
 85, 167, 168, 174, 173, 149, 150, 156, 155, 611, 610, 609, 605, 566, 565, 564,
     560, 607, 612, 613, 608
 86, 169, 170, 176, 175, 151, 152, 158, 157, 587, 616, 615, 614, 542, 571, 570,
     569, 593, 592, 617, 618
 87, 170, 171, 177, 176, 152, 153, 159, 158, 594, 620, 619, 616, 549, 575, 574,
     571, 592, 598, 621, 617
 88, 171, 172, 178, 177, 153, 154, 160, 159, 599, 623, 622, 620, 554, 578, 577,
     575, 598, 603, 624, 621
 89, 172, 173, 179, 178, 154, 155, 161, 160, 604, 626, 625, 623, 559, 581, 580,
     578, 603, 608, 627, 624
 90, 173, 174, 180, 179, 155, 156, 162, 161, 609, 629, 628, 626, 564, 584, 583,
     581, 608, 613, 630, 627
 91, 181, 182, 188, 187, 163, 164, 170, 169, 634, 633, 632, 631, 589, 588, 587,
     586, 636, 635, 637, 638
 92, 182, 183, 189, 188, 164, 165, 171, 170, 641, 640, 639, 633, 596, 595, 594,
     588, 635, 642, 643, 637
 93, 183, 184, 190, 189, 165, 166, 172, 171, 646, 645, 644, 640, 601, 600, 599,
     595, 642, 647, 648, 643
 94, 184, 185, 191, 190, 166, 167, 173, 172, 651, 650, 649, 645, 606, 605, 604,
     600, 647, 652, 653, 648
 95, 185, 186, 192, 191, 167, 168, 174, 173, 656, 655, 654, 650, 611, 610, 609,
     605, 652, 657, 658, 653
 96, 187, 188, 194, 193, 169, 170, 176, 175, 632, 661, 660, 659, 587, 616, 615,
     614, 638, 637, 662, 663
 97, 188, 189, 195, 194, 170, 171, 177, 176, 639, 665, 664, 661, 594, 620, 619,
     616, 637, 643, 666, 662
 98, 189, 190, 196, 195, 171, 172, 178, 177, 644, 668, 667, 665, 599, 623, 622,
     620, 643, 648, 669, 666
 99, 190, 191, 197, 196, 172, 173, 179, 178, 649, 671, 670, 668, 604, 626, 625,
     623, 648, 653, 672, 669
100, 191, 192, 198, 197, 173, 174, 180, 179, 654, 674, 673, 671, 609, 629, 628,
     626, 653, 658, 675, 672